INSERT INTO `order_contents` (`content_id`, `order_id`, `product_id`, `quantity`, `product_price`)
VALUES
	(1,1,1,2,3.99),
	(2,1,2,1,7.99),
	(3,2,13,1,10.99),
	(4,2,15,1,75.00),
	(5,2,17,1,12.75),
	(6,2,16,2,34.99),
	(7,3,19,1,54.99),
	(8,3,20,1,15.99),
	(9,3,21,2,90.00),
	(10,3,22,1,34.99),
	(11,4,7,1,32.00),
	(12,4,2,2,7.99),
	(13,4,21,1,90.00),
	(14,5,15,1,75.00),
	(15,5,20,3,15.99),
	(16,6,2,3,7.99),
	(17,7,13,4,10.99),
	(18,7,18,1,29.98),
	(19,8,5,1,19.99),
	(20,8,6,2,4.99),
	(21,8,23,1,9.99);